2067
77.50221701408239 1.91479
77.57495489959537 1.943201
77.64782944623659 1.971657
77.72084103950998 2.000514
77.79399006637068 2.030215
77.86727691523208 2.060647
77.94070197597253 2.091705
78.0142656399423 2.12333
78.08796829997058 2.155404
78.16181035037243 2.187761
78.23579218695586 2.220277
78.30991420702878 2.252848
78.38417680940623 2.285337
78.45858039441752 2.317634
78.53312536391341 2.34973
78.60781212127328 2.381405
78.68264107141253 2.412528
78.75761262078976 2.442971
78.83272717741427 2.472611
78.90798515085334 2.501315
78.98338695223973 2.528847
79.05893299427916 2.555255
79.13462369125787 2.580618
79.21045945905018 2.605155
79.28644071512602 2.629067
79.36256787855866 2.652562
79.43884137003253 2.675861
79.51526161185075 2.699264
79.59182902794305 2.722965
79.66854404387362 2.747133
79.74540708684889 2.77197
79.82241858572561 2.797696
79.89957897101873 2.824548
79.9768886749094 2.852754
80.05434813125312 2.88267
80.13195777558785 2.914428
80.20971804514203 2.948284
80.287629378843 2.985297
80.36569221732509 3.025522
80.44390700293806 3.068686
80.52227417975534 3.114496
80.60079419358252 3.162792
80.67946749196571 3.213132
80.75829452420017 3.265225
80.83727574133874 3.318738
80.91641159620056 3.373392
80.99570254337958 3.428871
81.0751490392534 3.484948
81.15475154199201 3.541329
81.23451051156646 3.597591
81.31442640975787 3.653419
81.39449970016629 3.708481
81.47473084821968 3.762466
81.55512032118288 3.816161
81.63566858816678 3.871127
81.71637612013728 3.927053
81.79724338992466 3.983758
81.87827087223265 4.041022
81.95945904364785 4.098715
82.040808382649 4.15663
82.12231936961636 4.214625
82.20399248684126 4.272711
82.28582821853546 4.330494
82.36782705084092 4.387778
82.44998947183926 4.444393
82.53231597156152 4.500144
82.61480704199786 4.554849
82.69746317710742 4.608324
82.7802848728281 4.660418
82.86327262708657 4.711491
82.94642693980819 4.762802
83.02974831292703 4.81424
83.11323725039604 4.865608
83.19689425819715 4.916746
83.28071984435151 4.967721
83.36471451892976 5.018176
83.44887879406245 5.067855
83.53321318395032 5.116596
83.6177182048749 5.164229
83.70239437520898 5.210556
83.78724221542713 5.255438
83.87226224811657 5.298885
83.95745499798768 5.340499
84.04282099188497 5.380031
84.12836075879783 5.41735
84.21407482987149 5.452445
84.29996373841801 5.485747
84.38602801992737 5.517665
84.47226821207855 5.548429
84.55868485475075 5.578104
84.64527849003467 5.606952
84.73204966224384 5.635216
84.81899891792598 5.663132
84.90612680587455 5.690933
84.9934338771402 5.719195
85.08092068504259 5.747893
85.16858778518171 5.777244
85.25643573545008 5.807504
85.34446509604425 5.838949
85.43267642947686 5.871815
85.52107030058859 5.906111
85.6096472765602 5.935667
85.69840792692469 5.959889
85.78735282357951 5.981951
85.87648254079882 6.00509
85.96579765524584 6.032473
86.0552987459853 6.067407
86.14498639449596 6.113323
86.23486118468321 6.173528
86.32492370289175 6.251196
86.4151745379183 7.277964
86.50561428102448 7.289065
86.59624352594957 7.297647
86.68706286892382 7.305548
86.77807290868122 7.315041
86.8692742464728 7.327727
86.9606674860798 7.34959
87.05225323382713 7.387545
87.1440320985966 7.439966
87.23600469184049 7.505051
87.32817162759521 7.581078
87.42053352249484 7.66654
87.51309099578494 7.759191
87.60584466933638 7.857223
87.69879516765927 7.958755
87.791943117917 8.061895
87.88528914994032 8.164755
87.97883389624145 8.265645
88.07257799202861 8.362648
88.16652207522012 8.453568
88.26066678645901 8.536442
88.3550127691276 8.613342
88.44956066936209 8.693998
88.54431113606735 8.77796
88.63926482093174 8.864489
88.73442237844216 8.951981
88.82978446589883 9.039178
88.92535174343074 9.124856
89.02112487401062 9.207766
89.11710452347047 9.286675
89.21329136051685 9.360439
89.30968605674649 9.42814
89.40628928666183 9.488072
89.50310172768692 9.538926
89.60012406018306 9.579421
89.69735696746486 9.608241
89.79480113581624 9.478068
89.89245725450664 8.990492
89.99032601580714 8.314013
90.08840811500694 7.627921
90.18670425042973 7.113276
90.28521512345043 8.638376
90.3839414385116 10.53819
90.48288390314053 11.95536
90.58204322796588 12.97388
90.6814201267349 13.67768
90.78101531633045 14.15145
90.8808295167882 14.48083
90.98086345131411 14.75223
91.08111784630178 15.05272
91.1815934313501 15.46806
91.28229093928091 15.92789
91.38321110615685 16.36043
91.48435467129926 16.76784
91.58572237730623 17.15237
91.68731497007083 17.51624
91.7891331987994 17.86166
91.89117781602987 18.19151
91.9934495776504 18.50807
92.09594924291795 18.81318
92.19867757447727 19.10908
92.3016353383795 19.39812
92.40482330410158 19.68271
92.50824224456504 19.96527
92.6118929361556 20.24925
92.7157761587424 20.5309
92.81989269569777 20.79781
92.92424333391665 21.05163
93.02882886383664 21.29488
93.13365007945787 21.53008
93.23870777836308 21.76009
93.34400276173785 21.98833
93.44953583439101 22.21638
93.55530780477517 22.44677
93.6613194850072 22.68227
93.76757169088924 22.92545
93.87406524192944 23.17908
93.98080096136312 23.44652
94.087779676174 23.73061
94.19500221711552 24.03481
94.30246941873229 24.36708
94.41018211938189 24.72478
94.51814116125655 25.10343
94.6263473904051 25.49889
94.73480165675514 25.90791
94.84350481413524 26.32506
94.95245772029737 26.74561
95.06166123693946 27.16515
95.1711162297281 27.57897
95.28082356832145 27.98255
95.3907841263922 28.37166
95.5009987816509 28.74269
95.61146841586913 29.08958
95.72219391490314 29.40998
95.83317616871753 29.71386
95.94441607140902 30.00496
96.05591452123053 30.28534
96.16767242061532 30.5581
96.27969067620135 30.82545
96.39197019885582 31.08855
96.50451190369976 31.34958
96.6173167101331 31.6107
96.7303855418594 31.87418
96.84371932691138 32.14223
96.95731899767608 32.41888
97.07118549092056 32.70484
97.1853197478176 33.00221
97.29972271397158 33.31492
97.41439533944475 33.64553
97.52933857878332 33.9908
97.64455339104413 34.34748
97.76004073982124 34.71359
97.87580159327278 35.08363
97.99183692414803 35.454
98.10814770981469 35.82108
98.22473493228622 36.18136
98.3415995782497 36.53086
98.45874263909334 36.86718
98.57616511093482 37.18652
98.6938679946494 37.48398
98.81185229589822 37.75687
98.93011902515723 38.02726
99.04866919774578 38.30234
99.16750383385586 38.5787
99.28662395858122 38.85499
99.40603060194692 39.126
99.52572479893902 39.38795
99.64570758953451 39.63723
99.76598001873127 39.87035
99.88654313657868 40.08355
100.00739799820794 40.27384
100.12854566386294 40.43919
100.24998719893131 40.5738
100.37172367397554 40.67397
100.49375616476459 40.75248
100.61608575230538 40.82927
100.73871352287492 40.9044
100.8616405680523 40.9793
100.9848679847512 41.0537
101.10839687525244 41.12648
101.23222834723681 41.19758
101.35636351381835 41.26712
101.48080349357748 41.33499
101.60554941059478 41.40134
101.73060239448475 41.46826
101.85596358042991 41.5339
101.98163410921514 41.59802
102.10761512726233 41.65304
102.23390778666526 41.68208
102.36051324522458 41.67981
102.4874326664834 41.64123
102.61466721976271 41.56297
102.74221808019747 41.4376
102.87008642877268 41.25955
102.99827345235995 41.02369
103.12678034375404 40.72454
103.25560830171001 40.35662
103.38475853098045 39.91578
103.51423224235299 39.39645
103.64403065268823 38.79192
103.77415498495776 32.45531
103.90460646828267 20.63693
104.03538633797211 31.02049
104.16649583556253 48.17376
104.2979362088566 61.49765
104.42970871196319 71.5428
104.56181460533698 78.86349
104.69425515581868 84.02032
104.82703163667578 87.57783
104.96014532764302 90.10427
105.09359751496359 92.174
105.22738949143077 94.3679
105.36152255642939 97.22492
105.49599801597813 100.2261
105.63081718277171 103.0232
105.76598137622376 105.6259
105.90149192250978 108.044
106.0373501546105 110.2911
106.17355741235563 112.3773
106.310115042468 114.3092
106.44702439860767 116.0974
106.58428684141697 117.7518
106.72190373856535 119.283
106.85987646479491 120.7016
106.99820640196614 122.0241
107.13689493910417 123.2429
107.27594347244498 124.3385
107.4153534054826 125.331
107.5551261490161 126.2424
107.69526312119723 127.0943
107.8357657475784 127.9102
107.97663546116115 128.7176
108.11787370244453 129.5323
108.25948191947458 130.3771
108.40146156789358 131.2745
108.54381411098997 132.2473
108.68654101974869 133.319
108.82964377290172 134.5239
108.9731238569794 135.9211
109.11698276636153 137.4884
109.26122200332962 139.1923
109.40584307811895 140.9995
109.55084750897133 142.8777
109.69623682218825 144.7924
109.84201255218454 146.7176
109.98817624154206 148.6132
110.13472944106444 150.4437
110.28167370983171 152.1746
110.42901061525568 153.7713
110.5767417331356 155.207
110.72486864771449 156.5619
110.87339295173555 157.8741
111.02231624649947 159.1422
111.17164014192181 160.3717
111.32136625659105 161.5695
111.4714962178272 162.7415
111.62203166174054 163.8935
111.77297423329122 165.0378
111.92432558634917 166.1798
112.0760873837544 167.3212
112.22826129737797 168.4687
112.38084900818338 169.6212
112.53385220628843 170.7364
112.68727259102776 171.8149
112.84111187101549 172.8763
112.99537176420895 173.9255
113.15005399797245 174.9718
113.30516030914171 176.0266
113.46069244408903 177.1021
113.61665215878884 178.2097
113.77304121888349 179.3627
113.92986139975032 180.5794
114.08711448656847 181.864
114.24480227438683 183.2628
114.40292656819219 184.8501
114.56148918297832 186.5887
114.7204919438152 188.4366
114.8799366859192 190.3574
115.03982525472355 192.3082
115.20015950594966 194.2411
115.3609413056788 196.1135
115.52217253042468 197.8804
115.68385506720622 199.4995
115.84599081362137 200.9268
116.0085816779212 202.131
116.17162957908482 203.1747
116.33513644689495 204.1169
116.49910422201391 204.9802
116.6635348560605 205.7871
116.82843031168741 206.5593
116.9937925626594 207.3225
117.15962359393178 208.1067
117.32592540173013 208.9253
117.49269999363023 209.8009
117.65994938863896 210.7574
117.82767561727562 211.8176
117.99588072165434 213.0381
118.16456675556665 214.4736
118.33373578456532 216.0875
118.50338988604855 217.8408
118.67353114934511 219.7002
118.84416167579994 221.6327
119.01528357886085 223.604
119.18689898416562 225.5805
119.35901002963013 227.5383
119.53161886553703 229.4358
119.70472765462542 231.2358
119.8783385721811 232.9367
120.05245380612762 234.619
120.22707555711834 236.2867
120.4022060386291 237.9425
120.5778474770516 239.5952
120.75400211178797 241.2342
120.9306721953458 242.8597
121.10785999343422 244.4719
121.28556778506069 246.0701
121.46379786262872 247.6556
121.64255253203659 249.235
121.82183411277651 250.8003
122.00164493803523 252.33
122.18198735479507 253.8304
122.36286372393614 255.3106
122.54427642033932 256.7791
122.72622783299016 258.2446
122.90872036508378 259.7269
123.09175643413084 261.2255
123.27533847206394 262.7481
123.45946892534558 264.3027
123.64415025507685 265.898
123.82938493710692 267.5401
124.01517546214383 269.2537
124.20152433586605 271.1494
124.38843407903515 273.0705
124.57590722760943 275.0097
124.76394633285865 276.9608
124.95255396147977 278.9172
125.14173269571364 280.8701
125.33148513346299 282.8141
125.52181388841136 284.7417
125.71272159014275 286.6462
125.9042108842633 288.539
126.09628443252308 290.4271
126.28894491293946 292.3106
126.48219501992175 294.1895
126.67603746439673 296.0653
126.87047497393529 297.9385
127.06551029288063 299.8096
127.26114618247706 301.6779
127.45738542100055 303.5459
127.65423080389013 305.4135
127.8516851438807 307.2649
128.04975127113687 309.078
128.24843203338844 310.8643
128.4477302960666 312.6404
128.64764894244183 314.4187
128.84819087376283 316.2149
129.04935900939714 318.045
129.25115628697242 319.9226
129.45358566251977 321.8625
129.65665011061782 323.8811
129.86035262453868 326.0034
130.06469621639476 328.2944
130.2696839172874 330.7307
130.47531877745678 333.2748
130.68160386643297 335.8881
130.88854227318902 338.535
131.0961371062948 341.1756
131.3043914940729 343.7729
131.51330858475555 346.2874
131.7228915466436 348.6822
131.93314356826633 350.9335
132.14406785854334 353.1793
132.35566764694775 355.4394
132.567946183671 357.6849
132.78090673978934 359.8853
132.99455260743179 362.0134
133.20888709994978 364.0376
133.42391355208855 365.9288
133.63963532015984 367.6568
133.8560557822168 369.1925
134.07317833823006 370.509
134.29100641026622 371.6375
134.50954344266697 372.6264
134.72879290223122 373.516
134.94875827839815 374.3488
135.16944308343233 375.1662
135.39085085261078 376.0117
135.6129851444116 376.9284
135.83584954070477 377.9552
136.05944764694462 379.1394
136.28378309236416 380.6218
136.50885953017152 382.8271
136.73468063774834 385.6453
136.9612501168498 388.8939
137.18857169380723 392.3914
137.41664911973206 395.9535
137.6454861707225 399.3992
137.87508664807152 402.5423
138.10545437847765 405.2005
138.3365932142575 407.1891
138.56850703356056 408.5958
138.80119974058582 409.7833
139.03467526580127 410.8079
139.26893756616488 411.7261
139.5039906253483 412.5936
139.73983845396256 413.4653
139.9764850897864 414.3963
140.21393459799634 415.4447
140.4521910713999 416.6651
140.6912586306704 418.1406
140.9311414245846 420.1526
141.1718436302628 422.6546
141.4133694534112 425.519
141.65572312856705 428.6242
141.8989089193457 431.8405
142.14293111869105 435.0396
142.3877940491281 438.0984
142.6335020630179 440.8863
142.88005954281567 443.2773
143.12747090133138 445.3242
143.37574058199283 447.1834
143.62487305911182 448.9092
143.87487283815295 450.5521
144.125744456005 452.1656
144.37749248125567 453.8048
144.6301215144687 455.5194
144.88363618846427 457.3653
145.13804116860206 459.3954
145.3933411530675 461.7521
145.64954087316102 464.5509
145.9066450935902 467.6584
146.16465861276546 470.9354
146.42358626309806 474.2376
146.6834329113023 477.4288
146.9442034587002 480.3672
147.2059028415296 482.9085
147.46853603125578 484.9162
147.73210803488627 486.3761
147.99662389528893 487.5608
148.26208869151364 488.5558
148.52850753911744 489.4348
148.79588559049301 490.2726
149.06422803520084 491.1415
149.33354010030507 492.1189
149.6038270507129 493.2762
149.8750941895174 494.6882
150.1473468583449 496.729
150.42059043770493 499.8061
150.6948303473453 503.6678
150.9700720466098 508.0499
151.24632103480118 512.6877
151.52358285154693 517.3172
151.80186307716966 521.6688
152.0811673330614 525.4816
152.36150128206245 528.4916
152.64287062884367 530.9332
152.9252811202939 533.1544
153.20873854591076 535.1985
153.49324873819657 537.1077
153.77881757305835 538.9324
154.06545097021223 540.7131
154.35315489359266 542.4974
154.64193535176585 544.3284
154.9317983983484 546.2288
155.22275013242975 548.2421
155.5147966990007 550.2084
155.80794428938523 552.1337
156.10219914167868 554.069
156.3975675411899 556.0532
156.69405582088885 558.1377
156.9916703618592 560.3685
157.29041759375613 562.7879
157.59030399526955 565.5869
157.8913360945919 568.871
158.19352046989255 572.4921
158.4968637497965 576.3066
158.80137261386912 580.1663
159.10705379310656 583.9259
159.4139140704318 587.433
159.7219602811959 590.5469
160.03119931368605 593.1625
160.34163810963892 595.4422
160.65328366475973 597.4953
160.966143029248 599.4131
161.28022330832948 601.2804
161.59553166279346 603.1903
161.91207530953744 605.2321
162.2298615221175 607.492
162.54889763130555 610.0825
162.8691910256529 613.2754
163.19074915206093 616.9642
163.51357951635782 620.9526
163.83768968388276 625.037
164.1630872800772 629.0159
164.4897799910823 632.6841
164.8177755643447 635.8471
165.1470818092285 638.3107
165.47770659763535 640.231
165.8096578646316 641.8293
166.14294360908312 643.2296
166.47757189429782 644.5516
166.81355084867582 645.9227
167.15088866636773 647.467
167.48959360794098 649.3066
167.82967400105358 651.5945
168.17113824113704 654.8897
168.5139947920874 659.1214
168.85825218696397 663.9864
169.20391902869778 669.1728
169.55100399080794 674.3677
169.89951581812716 679.2675
170.24946332753626 683.5543
170.60085540870767 686.9924
170.95370102485805 689.9866
171.3080092135106 692.7174
171.6637890872666 695.2665
172.02104983458662 697.7076
172.37980072058156 700.1243
172.7400510878137 702.5959
173.10181035710758 705.1959
173.46508802837118 707.9755
173.82989368142768 710.8585
174.19623697685748 713.8047
174.56412765685081 716.7818
174.93357554607164 719.7491
175.30459055253206 722.6693
175.6771826684779 725.5117
176.05136197128616 728.2361
176.4271386243732 730.8783
176.8045228781152 733.4797
177.18352507077998 736.0341
177.56415562947123 738.5288
177.94642507108478 740.9711
178.3303440032769 743.35
178.7159231254462 745.6562
179.1031732297267 747.8531
179.49210520199534 749.8304
179.88273002289196 751.6696
180.2750587688525 753.4761
180.66910261315596 755.3541
181.06487282698546 757.3974
181.46238078050246 759.7117
181.8616379439359 762.4438
182.26265588868546 766.313
182.66544628843945 771.1647
183.0700209203076 776.498
183.4763916659686 781.8162
183.88457051283396 786.626
184.29456955522596 790.4245
184.7064009955729 792.7173
185.12007714561898 793.9483
185.53561042765176 794.8419
185.95301337574548 795.5245
186.37229863702112 796.142
186.79347897292402 796.8244
187.21656726051836 797.6977
187.6415764937999 798.9093
188.06851978502587 801.2263
188.49741036606352 805.1796
188.9282615897574 810.1505
189.36108693131473 815.5182
189.79589998971036 820.6488
190.23271448911132 824.9266
190.67154428032035 827.719
191.11240334224013 829.2527
191.5553057833577 830.5199
192.0002658432494 831.5816
192.4472978941068 832.5031
192.8964164422844 833.3565
193.34763612986868 834.2009
193.8009717362693 835.0921
194.2564381798328 835.9533
194.7140505194791 836.7022
195.17382395636093 837.3995
195.63577383554755 838.1356
196.09991564773162 838.9712
196.56626503096044 839.9753
197.034837772393 841.2569
197.5056498100809 843.5827
197.97871723477573 846.8851
198.45405629176196 850.6877
198.9316833827169 854.4961
199.4116150675968 857.8218
199.89386806655102 860.1877
200.3784592618639 861.3239
200.8654056999243 862.077
201.35472459322497 862.6757
201.8464333223904 863.1793
202.34054943823466 863.6494
202.83709066384995 864.1761
203.3360748967254 864.8213
203.83752021089737 865.5568
204.3414448591319 866.3265
204.84786727513966 867.1512
205.35680607582327 868.0381
205.86828006355879 869.017
206.38230822851153 870.0981
206.8989097509859 871.343
207.41810400381146 873.0039
207.9399105547644 874.9168
208.46434916902612 876.8527
208.99143981167853 878.6143
209.5212026502379 879.9586
210.0536580572271 881.0886
210.58882661278693 883.0881
211.1267291073279 885.1995
211.66738654422247 886.6688
212.2108201425388 887.8357
212.75705133981685 888.7729
213.30610179488735 889.4924
213.85799339073446 890.239
214.412748237403 891.3494
214.97038867495155 892.3713
215.53093727645077 893.275
216.09441685102965 894.3298
216.66085044696948 894.8569
217.23026135484588 894.2621
217.80267311072166 894.697
218.37810949938932 897.4545
218.95659455766585 899.2268
219.53815257773934 900.9661
220.12280811056957 903.6137
220.7105859693428 904.2399
221.30151123298225 904.2714
221.89560924971502 906.407
222.4929056406968 908.9633
223.09342630369466 909.4655
223.69719741683048 909.8361
224.30424544238497 910.1179
224.91459713066362 910.1997
225.5282795239259 910.346
226.14531996037988 912.1393
226.76574607824108 912.8486
227.38958581985932 912.9992
228.01686743591412 913.5713
228.64761948967873 914.3525
229.28187086135605 915.0046
229.9196507524864 915.0069
230.5609886904292 914.416
231.20591453291985 914.0018
231.85445847270367 913.5004
232.50665104224714 912.3884
233.16252311852998 912.302
233.8221059279176 912.9258
234.48543105111736 912.7859
235.15253042821868 912.6208
235.82343636381984 912.6442
236.49818153224285 912.9646
237.17679898283748 914.5116
237.85932214537803 916.5115
238.54578483555227 918.4308
239.2362212605466 919.5847
239.93066602472817 920.6179
240.62915413542612 921.6287
241.3317210088142 923.5675
242.03840247589707 924.9188
242.74923478860163 925.1116
243.46425462597603 925.0812
244.18349910049886 924.8697
244.90700576450033 925.7374
245.63481261669796 927.4073
246.36695810884902 928.873
247.1034811525228 929.4897
247.84442112599362 929.7508
248.5898178812597 931.2985
249.33971175118808 933.2568
250.0941435567893 934.2976
250.85315461462483 933.9346
251.61678674434967 932.0291
252.38508227639352 931.9807
253.1580840597821 931.9933
253.935835470104 931.9344
254.7183804176236 931.8536
255.50576335554516 931.7881
256.2980292884306 931.9951
257.09522378077406 932.2356
257.8973929657375 932.2833
258.70458355404963 931.911
259.5168428430734 930.5545
260.33421872604373 931.08
261.15675970148135 931.616
261.9845148827856 931.0598
262.81753400800915 930.9403
263.6558674498209 931.1661
264.49956622566043 932.0136
265.3486820080863 932.6733
266.2032671353264 932.6207
267.06337462203186 932.5735
267.92905817023944 932.508
268.8003721805491 931.4258
269.6773717635199 930.4037
270.56011275128924 930.4155
271.44865170942154 930.4533
272.3430459489913 930.5076
273.24335353890535 931.6147
274.1496333184705 932.6489
275.0619449102125 932.5046
275.98034873295114 932.6978
276.9049060151386 933.4778
277.83567880846675 933.0153
278.77273000175 932.5599
279.71612333508915 933.5313
280.66592341432545 933.6215
281.6221957257883 932.9493
282.5850066513466 933.2852
283.55442348376965 933.7262
284.5305144424057 933.8232
285.51334868918434 933.8237
286.50299634495263 933.8126
287.49952850615256 933.5163
288.50301726184597 933.2666
289.51353571109934 934.0403
290.5311579807342 934.1248
291.5559592434528 933.4827
292.5880157363499 932.8115
293.6274047798184 932.0142
294.67420479685876 931.0184
295.7284953328045 929.9073
296.79035707547166 928.8445
297.85987187574364 928.4675
298.93712276860344 928.2459
300.02219399462376 928.0452
301.11517102192664 928.311
302.2161405686247 929.5601
303.32519062575733 929.9391
304.4424104807325 930.0103
305.5678907412897 928.498
306.7017233599958 927.5965
307.8440016592881 927.2351
308.99482035707996 927.0079
310.1542755929413 926.6534
311.3224649548733 924.1719
312.49948750668756 923.5745
313.6854438160109 923.9637
314.88043598292904 924.1734
316.08456766928816 924.1786
317.29794412867125 921.8984
318.5206722370669 920.543
319.75286052425093 920.0426
320.9946192058985 920.1852
322.2460602164478 920.3519
323.50729724273526 920.1645
324.77844575842386 920.1423
326.059623059246 920.4792
327.3509482990847 921.4055
328.652542526914 922.0028
329.9645287246262 919.8491
331.287031845767 919.2817
332.6201788552067 919.54
333.96409876977316 919.0292
335.31892269987367 917.8976
336.6847838921338 916.3013
338.06181777308325 914.7748
339.4501619939174 913.4902
340.8499564763664 912.6876
342.2613434597054 912.0741
343.68446754893495 911.6138
345.11947576417055 910.5391
346.5665175912741 908.2547
348.0257450337636 906.1526
349.4973126660417 904.5175
350.98137768797824 901.9437
352.47809998089065 898.1047
353.987642164963 896.7975
355.5101696581456 896.2847
357.04585073658245 895.7813
358.5948565966112 896.0224
360.15736141838283 897.6107
361.7335424311547 900.245
363.3235799803027 901.9073
364.9276575961097 901.8781
366.54596206438515 901.8777
368.17868349897043 901.9956
369.8260154161918 901.3158
371.48815481132067 899.9525
373.16530223710544 898.1979
374.85766188443927 896.7283
376.565441665234 896.0139
378.2888532975692 893.7194
380.02811239319016 890.5953
381.7834385474312 888.7281
383.5550554316421 888.881
385.3431908881998 889.5002
387.14807702819144 890.3019
388.9699503318535 891.4204
390.80905175186217 894.9088
392.6656268195671 898.7664
394.5399257542667 902.0861
396.43220357562996 904.1417
398.342720219368 904.8191
400.2717406562656 906.1593
402.2195350146904 906.2114
404.18637870669374 904.8851
406.17255255783215 903.2814
408.17834294083394 900.9938
410.20404191324496 899.6011
412.2499473591963 898.6871
414.31636313543294 895.6148
416.4035992217575 892.5513
418.5119718760448 890.4653
420.6418037939892 888.9412
422.79342427375377 885.4122
424.9671693857011 880.1164
427.1633821473843 874.9812
429.38241270399413 870.9594
431.6246185144588 867.8699
433.89036454340606 864.0923
436.18002345920246 860.4329
438.4939758382964 860.5721
440.8326103761006 856.0219
443.1963241046587 849.4015
445.58552261735235 839.2349
448.0006203009153 829.3102
450.4420405750347 850.6127
452.91021613982946 880.5016
455.4055892315088 891.3358
457.9286118865311 894.2218
460.47974621458974 894.1356
463.05946468077786 892.7703
465.6682503972894 891.8972
468.30659742503605 891.9918
470.9750110855775 889.5941
473.67400828377583 884.3198
476.4041178416073 877.3264
479.16588084358756 871.582
481.9598509942791 870.0786
484.78659498838033 872.085
487.6466928939166 872.8597
490.5407385490734 874.0417
493.469339973247 869.4522
496.4331197929061 865.8766
499.43271568289344 861.6555
502.46878082382284 856.5514
505.54198437626223 850.0642
508.65301197242366 844.6412
511.8025662261229 834.4921
514.617294462087 822.0015
516.3317924759116 815.3064
516.9237926549023 812.8424
517.1394021617447 811.9135
517.3551916055844 810.9693
517.571161211765 810.0135
517.7873112060066 809.0499
518.0036418144069 808.0799
518.2201532634411 807.1079
518.4368457799636 806.162
518.653719591208 805.1902
518.8707749247889 804.1937
519.0880120087013 803.1815
519.3054310713227 802.1597
519.5230323414135 801.1414
519.7408160481169 800.1474
519.9587824209616 799.1876
520.1769316898607 798.275
520.3952640851134 797.4146
520.6137798374062 796.5672
520.8324791778127 795.736
521.0513623377948 794.9337
521.2704295492044 794.1708
521.489681044283 793.4605
521.7091170556628 792.8126
521.9287378163684 792.2551
522.1485435598158 791.7073
522.3685345198159 791.1866
522.5887109305723 790.707
522.8090730266847 790.2764
523.0296210431483 789.9045
523.2503552153546 789.5683
523.4712757790934 789.3134
523.6923829705524 789.0877
523.9136770263185 788.8763
524.135158183379 788.6624
524.3568266791216 788.4348
524.5786827513361 788.2258
524.800726638215 788.0195
525.022958578354 787.7894
525.2453788107532 787.5243
525.467987574818 787.1754
525.6907851103595 786.5253
525.9137716575962 785.7373
526.1369474571538 784.9968
526.360312750067 784.4868
526.5838677777799 784.3295
526.8076127821469 784.2554
527.0315480054338 784.1948
527.2556736903182 784.1372
527.4799900798905 784.0692
527.7044974176561 783.971
527.9291959475337 783.8018
528.1540859138586 783.601
528.3791675613821 783.4067
528.6044411352731 783.2717
528.8299068811187 783.2976
529.0555650449256 783.8179
529.2814158731197 784.7186
529.5074596125487 785.8883
529.7336965104819 787.1963
529.9601268146113 788.596
530.1867507730524 790.4879
530.4135686343456 792.7691
530.6405806474569 795.3375
530.8677870617782 797.9938
531.0951881271292 800.6297
531.3227840937575 803.4133
531.5505752123399 806.3503
531.7785617339836 809.4221
532.0067439102265 812.603
532.2351219930383 815.897
532.463696234822 819.437
532.6924668884137 823.1345
532.9214342070848 826.8867
533.1505984445422 830.5198
533.3799598549292 834.0098
533.6095186928267 837.6445
533.8392752132543 841.2545
534.0692296716704 844.5895
534.2993823239747 847.4002
534.529733426507 849.5191
534.7602832360504 851.3283
534.9910320098309 852.9118
535.2219800055182 854.2772
535.4531274812279 855.4283
535.6844746955207 856.3997
535.9160219074056 857.3313
536.1477693763386 858.1728
536.3797173622249 858.8449
536.61186612542 859.292
536.84421592673 859.4357
537.0767670274131 859.5147
537.3095196891801 859.5703
537.542474174196 859.6013
537.7756307450803 859.5937
538.008989664909 859.4478
538.2425511972143 858.8868
538.4763156059861 858.0103
538.7102831556737 857.0314
538.9444541111858 856.1595
539.1788287378921 855.5687
539.4134073016241 855.1317
539.6481900686758 854.7504
539.8831773058058 854.3519
540.1183692802366 853.87
540.353766259657 853.1913
540.5893685122229 851.9574
540.8251763065574 850.4697
541.0611899117533 849.1002
541.2974095973731 848.2184
541.5338356334496 848.0581
541.7704682904885 848.0346
542.007307839468 848.0244
542.2443545518403 848.0261
542.4816086995331 848.0325
542.7190705549499 848.0738
542.9567403909713 848.2496
543.1946184809564 848.499
543.4327050987433 848.7388
543.6710005186507 848.8799
543.9095050154784 848.8491
544.1482188645085 848.6845
544.3871423415075 848.4181
544.6262757227248 848.1506
544.8656192848969 847.9584
545.1051733052465 847.9013
545.3449380614835 847.8665
545.5849138318076 847.9054
545.8251008949079 847.981
546.0654995299639 848.0899
546.3061100166482 848.3455
546.5469326351258 849.3497
546.7879676660564 851.0179
547.0292153905948 853.1499
547.2706760903918 855.5255
547.5123500475968 858.0604
547.7542375448568 861.2828
547.9963388653183 865.2236
548.2386542926301 869.7231
548.4811841109413 874.6938
548.723928604905 880.1555
548.9668880596781 886.6506
549.2100627609226 894.0985
549.4534529948074 902.2932
549.6970590480086 911.0344
549.9408812077103 920.2623
550.1849197616077 930.5702
550.4291749979058 941.7729
550.6736472053221 953.5618
550.9183366730874 965.6158
551.1632436909459 977.7457
551.4083685491586 990.4411
551.6537115385019 1003.549
551.8992729502705 1016.821
552.1450530762784 1029.922
552.3910522088585 1042.679
552.6372706408661 1055.344
552.8837086656781 1067.925
553.1303665771951 1080.319
553.3772446698429 1092.552
553.6243432385724 1104.747
553.8716625788622 1117.76
554.1192029867187 1130.775
554.3669647586778 1142.694
554.6149481918063 1152.449
554.8631535837025 1159.275
555.1115812324973 1164.624
555.3602314368569 1169.12
555.6091044959816 1173.113
555.858200709609 1176.993
556.1075203780144 1180.954
556.3570638020115 1184.782
556.6068312829553 1188.439
556.856823122741 1191.958
557.1070396238072 1195.358
557.357481089136 1198.724
557.6081478222545 1202.264
557.8590401272364 1205.755
558.1101583087027 1208.899
558.3615026718229 1211.406
558.6130735223172 1213.075
558.8648711664562 1214.312
559.1168959110632 1215.315
559.3691480635159 1216.211
559.6216279317457 1217.127
559.8743358242415 1218.201
560.1272720500488 1219.263
560.3804369187719 1220.319
560.6338307405756 1221.363
560.8874538261855 1222.416
561.1413064868897 1223.42
561.3953890345407 1224.477
561.6497017815552 1225.533
561.9042450409169 1226.589
562.1590191261768 1227.641
562.414024351455 1228.689
562.6692610314423 1229.717
562.9247294813998 1230.739
563.1804300171623 1231.779
563.4363629551389 1232.864
563.6925286123133 1233.994
563.9489273062464 1235.229
564.2055593550776 1236.466
564.4624250775246 1237.72
564.7195247928868 1238.971
564.9768588210449 1240.185
565.234427482463 1241.32
565.4922310981906 1242.44
565.7502699898622 1243.627
566.4610927162915 1248.169
568.539134097344 1262.144
572.014632840961 1269.806
576.0007975297482 1279.611
580.0429083896059 1287.906
584.1421515584371 1295.559
588.2997469431947 1301.006
592.5169494302427 1307.21
596.7950501481507 1308.891
601.1353777855918 1309.865
605.539299967171 1310.068
610.0082246901762 1309.668
614.5436018254189 1309.137
619.1469246855345 1308.736
623.8197316642933 1308.371
628.5636079507138 1307.862
633.3801873219837 1307.011
638.2711540194507 1306.302
643.2382447122089 1305.61
647.6905924945974 1305.437
650.4087694073615 1304.9
651.3484195864371 1304.66
651.6907840645378 1304.561
652.0335086420105 1304.458
652.3765938872838 1304.351
652.7200403699832 1304.248
653.0638486609339 1304.189
653.4080193321649 1304.129
653.7525529569117 1304.063
654.0974501096191 1303.993
654.4427113659451 1303.938
654.7883373027637 1303.891
655.1343284981679 1303.839
655.4806855314739 1303.796
655.827408983223 1303.756
656.1744994351855 1303.662
656.5219574703642 1303.517
656.8697836729976 1303.37
657.2179786285624 1303.227
657.5665429237778 1303.08
657.915477146608 1302.981
658.2647818862665 1302.827
658.614457733218 1302.664
658.964505279183 1302.503
659.3149251171407 1302.332
659.6657178413317 1302.091
660.0168840472627 1301.785
660.3684243317086 1301.477
660.7203392927167 1301.166
661.0726295296097 1300.859
661.4252956429891 1300.369
661.7783382347386 1299.696
662.1317579080284 1299.033
662.4855552673165 1298.381
662.8397309183548 1297.74
663.1942854681909 1297.118
663.5492195251715 1296.498
663.9045336989467 1295.885
664.2602286004729 1295.261
664.6163048420171 1294.626
664.9727630371589 1294.39
665.3296038007957 1294.566
665.6868277491451 1294.731
666.044435499749 1294.899
666.402427671477 1295.081
666.7608048845296 1295.089
667.1195677604428 1294.923
667.4787169220904 1294.757
667.8382529936887 1294.593
668.1981766007991 1294.42
668.5584883703332 1293.203
668.9191889305546 1291.014
669.2802789110838 1288.804
669.6417589429019 1286.616
670.0036296583534 1284.477
670.3658916911505 1285.405
670.728545676377 1289.198
671.0915922504913 1292.721
671.4550320513313 1296.163
671.818865718116 1299.682
672.1830938914518 1300.723
672.5477172133349 1300.361
672.9127363271549 1300.271
673.2781518776992 1300.271
673.6439645111561 1300.213
674.0101748751198 1300.461
674.3767836185929 1301.026
674.7437913919906 1301.878
675.1111988471457 1302.929
675.4790066373101 1304.043
675.8472154171616 1304.549
676.215825842805 1304.436
676.5848385717778 1304.325
676.9542542630537 1304.216
677.3240735770462 1304.104
677.6942971756124 1303.987
678.0649257220579 1303.863
678.4359598811396 1303.737
678.8074003190708 1303.615
679.1792477035241 1303.49
679.5515027036355 1303.363
679.9241659900098 1303.233
680.2972382347231 1303.154
680.6707201113275 1303.023
681.0446122948546 1302.893
681.4189154618208 1302.763
681.7936302902299 1302.633
682.168757459578 1302.503
682.5442976508577 1302.376
682.9202515465618 1302.245
683.2966198306877 1302.114
683.6734031887416 1301.983
684.0506023077423 1301.852
684.4282178762256 1301.719
684.8062505842491 1301.586
685.1847011233948 1301.454
685.5635701867752 1301.245
685.9428584690362 1301.157
686.322566666362 1301.018
686.702695476479 1300.889
687.0832455986606 1300.773
687.4642177337305 1300.663
687.8456125840682 1300.56
688.2274308536125 1300.462
688.6096732478661 1300.373
688.9923404738998 1300.299
689.3754332403576 1300.249
689.7589522574591 1300.202
690.142898237007 1300.153
690.5272718923882 1300.105
690.9120739385806 1300.058
691.2973050921566 1300.005
691.6829660712875 1299.95
692.0690575957482 1299.945
692.4555803869216 1299.884
692.8425351678027 1299.825
693.2299226630041 1299.761
693.6177435987596 1299.702
694.0059987029291 1299.637
694.3946887050031 1299.563
694.783814336107 1299.474
695.1733763290064 1299.374
695.563375418111 1299.26
695.9538123394798 1299.13
696.3446878308245 1298.979
696.7360026315162 1298.811
697.1277574825882 1298.558
697.5199531267415 1298.354
697.9125903083496 1298.19
698.3056697734627 1297.962
698.6991922698129 1297.719
699.0931585468188 1297.466
699.4875693555898 1297.213
699.8824254489319 1296.958
700.2777275813515 1296.701
700.6734765090607 1296.429
701.0696729899819 1296.148
701.4663177837526 1295.864
701.863411651731 1295.577
702.2609553569997 1295.284
702.6589496643712 1294.995
703.0573953403929 1294.722
703.456293153352 1294.457
703.8556438732801 1294.264
704.2554482719585 1294.043
704.6557071229229 1293.841
705.0564212014689 1293.65
705.4575912846561 1293.474
705.8592181513139 1293.31
706.2613025820466 1293.156
706.6638453592379 1293.014
707.0668472670562 1292.879
707.4703090914596 1292.756
707.8742316202014 1292.644
708.2786156428352 1292.527
708.683461950719 1292.435
709.0887713370219 1292.323
709.4945445967285 1292.293
709.9007825266435 1292.317
710.3074859253984 1292.289
710.7146555934555 1292.271
711.1222923331131 1292.253
711.5303969485124 1292.22
711.9389702456405 1292.141
712.3480130323371 1292.029
712.7575261183001 1291.897
713.1675103150892 1291.695
713.577966436134 1291.452
713.9888952967366 1291.202
714.4002977140783 1290.916
714.8121745072256 1290.62
715.2245264971347 1290.337
715.637354506657 1290.052
716.0506593605446 1289.789
716.4644418854567 1289.625
716.878702909964 1289.432
717.2934432645549 1289.263
717.7086637816399 1289.128
718.1243652955592 1289.016
718.5405486425864 1288.908
718.9572146609353 1288.795
719.3743641907647 1288.683
719.7919980741846 1288.559
720.2101171552616 1288.409
721.3624533427101 1287.835
724.7357689216911 1285.337
730.392763877928 1280.609
736.9044378500938 1279.937
743.5332633779807 1280.266
750.282430670368 1273.091
757.1552468291803 1273.346
764.1551412528707 1277.196
770.4469266321472 1264.833
774.2961540563829 1256.851
775.6282243871023 1255.15
776.1137506621488 1256.626
776.5998851755609 1258.938
777.0866290710014 1261.94
777.5739834950034 1266.861
778.061949596977 1272.075
778.5505285292201 1275.829
779.0397214469261 1279.105
779.5295295081943 1281.542
780.0199538740376 1282.63
780.5109957083934 1282.595
781.0026561781309 1280.768
781.4949364530621 1276.968
781.9878377059493 1273.52
782.4813611125168 1270.598
782.9755078514576 1267.106
783.4702791044441 1262.993
783.9656760561382 1259.183
784.4616998941998 1255.725
784.958351809296 1251.404
785.4556329951112 1246.423
785.9535446483568 1243.408
786.4520879687808 1241.949
786.9512641591767 1239.891
787.451074425394 1236.799
787.9515199763476 1234.929
788.4526020240272 1234.041
788.9543217835081 1232.993
789.4566804729595 1231.528
789.9596793136559 1228.674
790.4633195299859 1225.093
790.9676023494628 1228.047
791.4725290027342 1237.167
791.9781007235918 1244.067
792.4843187489822 1253.971
792.991184319017 1272.745
793.498698676981 1284.224
794.0068630693455 1283.543
794.5156787457756 1291.94
795.0251469591425 1317.614
795.5352689655329 1332.885
796.0460460242587 1345.204
796.5574793978689 1356.839
797.0695703521588 1365.718
797.5823201561807 1370.641
798.0957300822548 1371.943
798.6098014059794 1371.644
799.1245354062411 1370.094
799.639933365226 1368.922
800.285116464601 1368.563
801.3195777558783 1368.419
802.7463364731518 1368.34
804.3086063462749 1368.172
805.876968919586 1367.903
807.4514599041244 1367.563
809.0321152905599 1367.079
810.618971351934 1366.56
812.212064646435 1366.049
813.8114320202055 1365.596
815.4171106101828 1365.312
817.0291378469739 1365.067
818.6475514577637 1364.833
820.2723894692577 1364.514
821.9036902106616 1364.283
823.541492316694 1364.117
825.1858347306377 1363.886
826.8367567074246 1363.649
828.4942978167611 1363.4
830.1584979462892 1363.04
831.8293973047856 1362.636
833.5070364254003 1362.096
835.1914561689341 1361.447
836.8826977271569 1360.911
838.5808026261635 1360.45
840.285812729775 1360.183
841.9977702429765 1359.917
843.7167177154017 1359.653
845.4426980448571 1359.386
847.1757544808902 1359.12
848.9159306284032 1358.921
850.663270451309 1358.649
852.4178182762346 1358.281
854.179618796268 1357.975
855.9487170747551 1357.624
857.7251585491407 1357.306
859.5089890348581 1356.883
861.3002547292691 1356.44
863.0990022156512 1355.975
864.9052784672361 1355.499
866.7191308512989 1355.084
868.540607133298 1354.433
870.369755481069 1353.818
872.20662446907 1353.156
874.051263082681 1352.475
875.9037207225596 1351.866
877.7640472090497 1351.205
879.6322927866498 1350.589
881.508508128534 1349.993
883.3927443411349 1349.474
885.2850529687846 1348.89
887.1854859984136 1348.22
889.0940958643121 1347.651
891.0109354529523 1347.091
892.9360581078739 1346.618
894.8695176346322 1346.074
896.8113683058106 1345.529
898.7616648660986 1344.987
900.7204625374376 1344.452
902.6878170242322 1344.012
904.6637845186303 1343.429
906.6484217058741 1342.973
908.64178576972 1342.549
910.6439343979309 1342.146
912.6549257878416 1341.826
914.6748186519976 1341.432
916.703672223869 1341.026
918.7415462636407 1340.603
920.7885010640794 1340.149
922.8445974564813 1339.69
924.9098968166975 1338.962
926.9844610712397 1338.275
929.0683527034718 1337.568
931.1616347598818 1336.873
933.2643708564417 1336.306
935.3766251850494 1335.739
937.4984625200627 1335.248
939.6299482249207 1334.771
941.7711482588553 1334.391
943.9221291836947 1333.832
946.0829581707613 1333.369
948.2537030078646 1332.895
950.4344321063879 1332.405
952.6252145084771 1331.986
954.8261198943264 1331.476
957.037218589566 1330.961
959.2585815727527 1330.437
961.4902804829646 1329.904
963.7323876275034 1329.347
965.9849759897022 1328.802
968.2481192368474 1328.257
970.5218917282059 1327.711
972.8063685231722 1327.164
975.1016253895264 1326.699
977.4077388118114 1326.14
979.7247859998287 1325.566
982.0528448972539 1324.974
984.3919941903794 1324.36
986.7423133169782 1323.708
989.1038824752956 1323.053
991.4767826331731 1322.386
993.8610955373009 1321.713
996.256903722606 1321.126
998.6642905217744 1320.458
1001.0833400749153 1319.793
1003.5141373393628 1319.128
1005.956768099621 1318.457
1008.4113189774566 1317.756
1010.8778774421385 1317.064
1013.3565318208279 1316.351
1015.8473713091217 1315.61
1018.3504859817518 1314.818
1020.8659668034439 1314.095
1023.3939056399362 1313.285
1025.9343952691627 1312.505
1028.487529392603 1311.783
1031.053402646805 1311.033
1033.6321106150754 1310.514
1036.2237498393506 1309.918
1038.8284178322435 1309.324
1041.446213089276 1308.726
1044.0772351012909 1308.206
1046.7215843670604 1307.568
1049.3793624060795 1306.853
1052.0506717715596 1306.02
1054.735616063618 1305.014
1057.4342999426722 1304.2
1060.146829143038 1303.328
1062.8733104867404 1302.552
1065.6138518975358 1301.879
1068.3685624151512 1301.219
1071.1375522097478 1300.658
1073.9209325966071 1299.998
1076.718816051049 1299.333
1079.5313162235811 1298.651
1082.3585479552887 1297.931
1085.200627293464 1297.204
1088.0576715074883 1296.461
1090.9297991049566 1295.698
1093.8171298480663 1294.919
1096.7197847702632 1294.221
1099.6378861931557 1293.41
1102.5715577436933 1292.573
1105.5209243716297 1291.712
1108.4861123672622 1290.691
1111.4672493794558 1289.863
1114.4644644339621 1288.908
1117.477887952035 1287.912
1120.5076517693476 1286.806
1123.5538891552178 1285.718
1126.6167348321515 1284.491
1129.6963249957018 1283.275
1132.7927973346577 1282.118
1135.906291051565 1280.919
1139.0369468835856 1279.998
1142.1849071237061 1278.99
1145.3503156422937 1277.981
1148.5333179090164 1276.947
1151.734061015126 1275.867
1154.9526936961183 1274.798
1158.1893663547717 1273.501
1161.4442310845743 1272.126
1164.7174416935488 1270.587
1168.0091537284814 1269.309
1171.3195244995586 1267.977
1174.6487131054316 1266.659
1177.9968804587013 1265.321
1181.3641893118465 1264.006
1184.7508042835957 1262.871
1188.1568918857529 1261.723
1191.5826205504882 1260.704
1195.0281606581038 1259.579
1198.4936845652805 1258.601
1201.9793666338178 1257.741
1205.4853832598765 1256.747
1209.0119129037373 1255.729
1212.5591361200813 1254.601
1216.1272355888016 1253.422
1219.716396146368 1252.064
1223.3268048177436 1250.718
1226.9586508488699 1249.311
1230.6121257397353 1248.231
1234.2874232780316 1247.667
1237.9847395734225 1247.27
1241.7042730924218 1246.991
1245.4462246939058 1246.592
1249.2107976652726 1245.918
1252.9981977592547 1244.671
1256.8086332314072 1243.118
1260.6423148782742 1241.276
1264.4994560762705 1239.545
1268.380272821261 1238.026
1272.2849837688898 1236.516
1276.2138102756387 1235.048
1280.166976440664 1233.592
1284.144709148403 1232.234
1288.1472381119822 1230.684
1292.1747959174393 1228.991
1296.2276180687747 1226.926
1300.3059430338571 1224.915
1304.4100122911973 1223.076
1308.5400703776072 1221.288
1312.696364936774 1219.772
1316.879146768755 1218.326
1321.088669880429 1216.904
1325.325191536914 1215.602
1329.5889723139762 1213.974
1333.880276151461 1212.434
1338.1993704077527 1210.773
1342.5465259153036 1209.192
1346.9220170372437 1207.497
1351.326121725104 1205.906
1355.759121577674 1204.496
1360.2213019010235 1203.257
1364.7129517697115 1202.231
1369.2343640892138 1200.894
1373.785835659593 1199.613
1378.3676672404479 1198.187
1382.9801636171587 1196.864
1387.6236336684756 1195.378
1392.2983904354664 1193.854
1397.004751191868 1192.293
1401.7430375158654 1190.542
1406.5135753633385 1188.649
1411.3166951426101 1186.319
1416.1527317907287 1184.165
1421.022024851327 1182.171
1425.9249185540923 1180.4
1430.8617618958833 1178.494
1435.8329087235472 1176.6
1440.8387178184578 1174.715
1445.8795529828374 1172.812
1450.955783127891 1171.035
1456.0677823638084 1168.925
1461.2159300916712 1167.003
1466.4006110973187 1165.108
1471.62221564722 1163.522
1476.8811395864002 1161.942
1482.1777844384733 1160.354
1487.512557507838 1158.625
1492.8858719840855 1156.798
1498.2981470486804 1154.565
1503.7498079839695 1152.481
1509.2412862845806 1150.381
1514.773019771268 1148.285
1520.3454527072752 1146.494
1525.9590359172714 1144.675
1531.6142269089348 1142.856
1537.3114899972509 1140.878
1543.0512964315901 1138.789
1548.83412452565 1136.126
1554.660459790323 1133.578
1560.530795069582 1131.125
1566.4456306794475 1128.903
1572.4054745501371 1127.079
1578.4108423714615 1125.157
1584.4622577415757 1123.14
1590.560252319157 1120.872
1596.7053659791152 1118.595
1602.8981469719236 1115.861
1609.1391520866748 1113.268
1615.428946817958 1110.664
1621.7681055366686 1108.018
1628.1572116648495 1105.516
1634.5968578546906 1102.828
1641.0876461717844 1100.155
1647.6301882827681 1097.555
1654.2251056474752 1094.972
1660.8730297157174 1092.375
1667.574602128827 1089.687
1674.330474926108 1086.928
1681.1413107563155 1084.349
1688.007783094327 1081.608
1694.9305764631345 1078.812
1701.9103866613355 1076.024
1708.9479209962549 1073.294
1716.0438985228832 1070.281
1723.199050288788 1066.699
1730.414119585182 1061.854
1737.6898622043207 1056.356
1745.0270467034243 1051.492
1752.4264546753118 1047.56
1759.8888810259518 1044.105
1767.4151342591344 1040.763
1775.0060367684798 1037.245
1782.662425136999 1033.739
1790.385150444452 1030.174
1798.1750785827164 1026.503
1806.0330905794362 1022.518
1813.9600829301871 1018.822
1821.9569679394308 1015.508
1830.0246740705284 1012.867
1838.1641463050894 1010.429
1846.3763465119623 1007.709
1854.6622538261524 1004.29
1863.0228650379909 999.9357
1871.4591949928792 995.191
1879.9722770019453 990.9078
1888.5631632639493 986.8993
1897.232925298826 983.1533
1905.9826543932097 979.5141
1914.8134620583523 975.5672
1923.7264805008267 971.9561
1932.7228631064427 967.8715
1941.8037849377963 963.4121
1950.9704432459212 958.471
1960.2240579964944 953.6954
1969.5658724110933 949.3439
1978.9971535239947 945.4911
1988.519192755065 941.3385
1998.1333064992473 937.265
2007.840836733252 932.8353
2017.6431516400044 928.4426
2027.541646251485 923.8883
2037.5377431105717 918.7126
2047.632892952573 911.3925
2057.8285754071085 904.9379
2068.126299721073 903.1128
2078.5276055034083 899.4357
2089.034063492474 895.1976
2099.6472763467955 890.1329
2110.3688794600566 886.3158
2121.2005418011686 881.0743
2132.1439667803666 874.8016
2143.2008931422347 868.5243
2154.3730958866777 866.2666
2165.6623872188347 858.0608
2177.070617529031 851.637
2188.599676403853 842.2601
2200.251493669535 832.8474
2212.028040468837 823.4778
2223.9313303727045 813.0306
2235.9634205280126 811.6641
2247.1077783104356 801.378
2255.2827952392595 795.7233
2260.4224552101787 793.35
2264.551080699146 789.4982
2268.6948155220184 783.3555
2272.853742773204 773.3683
2277.0279461575446 765.9782
2281.2175099959204 759.2972
2285.4225192309364 744.6774
2289.6430594326553 722.6688
2293.8792168044088 713.8444
2298.1310781886614 724.452
2302.398731072949 754.1245
2306.6822635958742 781.2365
2310.9817645531834 803.6409
2315.2973234038895 827.3443
2319.6290302764883 855.0132
2323.9769759752257 880.53
2328.3412519864473 888.3513
2332.72195048501 810.2279
2337.1191643407788 822.9423
2341.53298712518 921.3006
2345.9635131178484 925.1526
2350.410837313332 925.5443
2354.875055427888 923.673
2359.356263906342 921.8173
2363.854559929043 923.1653
2368.3700414188784 921.3685
2372.9028070483882 919.4131
2377.4529562469465 918.549
2382.0205892080367 915.42
2387.7548708382915 911.2307
2396.987369130561 903.6437
2409.799254971396 896.8168
2423.932974941901 891.629
2438.2334644695834 886.3097
2452.7036927453664 881.0911
2467.3466998662348 874.8029
2482.16559896453 868.4167
2497.1635784144673 862.5455
2512.343904119114 856.8985
2527.709921881311 850.7369
2543.2650598621185 844.0165
2559.0128311306153 837.6559
2574.956836308999 831.8887
2591.100766317206 825.0402
2607.448405221415 817.9421
2624.003633191075 812.1299
2640.7704295692924 806.0732
2657.7528760616997 798.9212
2674.955160049154 792.1535
2692.3815780299296 784.5734
2710.03653919734 773.7728
2727.924569159038 767.3747
2746.0503138046133 763.4316
2764.41854332839 754.325
2783.034156414776 744.1369
2801.90218459386 737.653
2821.0277967753877 731.0888
2840.41630396972 723.8987
2860.073164204805 714.8853
2880.003987648741 705.3824
2900.2145419480307 696.0768
2920.7107577921856 683.2639
2941.498734715974 664.9933
2962.584747151214 647.2288
2983.975250740753 633.7614
3005.6768889279588 606.9522
3027.696499835856 582.4446
3050.041123450881 585.0472
3072.7180091270952 620.5062
3095.7346234276724 633.7357
3119.098658321466 626.7173
3142.8180397535684 619.1292
3166.9009366099176 609.2643
3191.3557700972533 600.9824
3216.1912235610453 591.4704
3241.4162527654457 582.6697
3267.0400966608245 573.0378
3293.07228866609 562.3243
3319.5226684947334 552.9802
3346.40139455542 545.2195
3373.7189569599536 536.4047
3401.4861911736157 528.4104
3429.714292345181 522.4957
3458.4148303564375 516.2855
3487.5997656337076 508.8531
3517.28146576676 501.4089
3547.4727229836426 492.7476
3578.186772533284 481.0855
3609.437312031391 469.1839
3641.238521829024 457.557
3673.605086467505 444.9554
3706.5522172878414 431.304
3740.0956762678215 414.5901
3774.251801165244 400.9806
3809.0375320515604 390.4056
3844.470439326459 383.5043
3880.568753310745 374.9692
3917.3513955222206 362.4403
3954.8380117473143 343.089
3993.0490070298965 313.2831
4032.0055827082374 245.1418
4071.729775641323 193.9464
4108.837503505495 188.4372
4136.252599442146 191.5236
4153.573590227079 192.1307
4167.5351821270015 178.5101
4181.5909500262505 156.394
4195.741850026338 155.4797
4209.988851214883 172.8367
4224.332935886824 193.5772
4238.775099770198 198.553
4253.3163522565455 226.2873
4267.957716636086 283.6537
4282.700230337766 317.1794
4297.544945174292 307.3077
4312.492927592289 372.9978
4327.545258927689 447.6146
4342.70303566649 298.9537
4357.967369711012 375.4338
4373.339388651792 560.4742
4388.820236045251 561.3837
4404.411071697276 558.8468
4420.113071952879 554.5068
4435.927429992067 549.3459
4451.855356132075 544.7358
4467.898078136154 540.3682
4484.056841529051 536.2498
4500.332909919356 531.9352
4516.7275653289 527.4303
4533.242108529371 522.7452
4549.877859386359 518.0393
4566.636157210986 513.4481
4583.518361119345 509.0999
4600.525850399937 505.084
4617.660024889321 501.3754
4634.922305356197 497.8496
4652.31413389412 494.3869
4669.8369743231 490.9696
4687.492312600312 487.2438
4705.2816572401625 483.3862
4723.2065397439355 479.4738
4741.268515039324 475.4874
4759.469161930069 471.7156
4777.8100835560035 468.1008
4796.2929078637635 464.642
4814.919288088477 461.2627
4833.690903246717 457.8745
4852.609458641029 454.3919
4871.676686376357 450.7078
4890.894345888691 446.9388
4910.264224486268 442.9926
4929.788137903709 438.9659
4949.467930869393 434.8633
4969.305477686505 430.6755
4989.3026828281 426.2836
5009.461481546598 421.7902
5029.783840498106 417.3222
5050.271758382008 413.0083
5070.92726659625 408.9682
5091.752429908759 405.1052
5112.749347145497 401.3134
5133.920151895582 397.56
5155.267013234025 393.7101
5176.79213646256 389.82
5198.497763869112 385.9781
5220.3861755064545 382.2851
5242.459689990626 378.6974
5264.720665319674 375.091
5287.17149971336 371.3027
5309.814632474446 367.2191
5332.652544872184 363.0087
5355.687761048738 358.8381
5378.922848949166 354.9018
5402.360421275743 351.2929
5426.0031364673205 348.1151
5449.853699704539 345.1089
5473.914863941647 341.9623
5498.189430965777 338.3831
5522.680252484557 334.0736
5547.390231242877 328.8841
5572.322322169811 323.1165
5597.479533556582 317.0314
5622.864928266589 310.8488
5648.48162497851 304.6212
5674.3327994635365 297.8002
5700.4216858978525 290.683
5726.751578211468 283.7308
5753.32583147463 277.387
5780.147863322998 271.9926
5807.221155422872 267.0216
5834.549254977803 262.4492
5862.1357762779335 258.3279
5889.984402293505 254.6998
5918.098886314 251.5879
5946.483053634451 248.8533
5975.140803290521 246.4131
6004.076109843984 244.2051
6033.293025220355 242.1556
6062.795680600406 240.2374
6092.588288367482 238.5477
6122.675144112509 236.9591
6153.060628698675 235.3217
6183.749210387944 233.5101
6214.745447031493 231.393
6246.053988326363 228.9335
6277.679578140674 226.2482
6309.627056909836 223.4727
6341.901364106307 220.7514
6374.5075407855165 218.1387
6407.450732210765 215.489
6440.73619055991 212.7806
6474.369277716882 210.049
6508.355468151092 207.3062
6542.7003518880365 204.5504
6577.409637574446 201.7178
6612.48915564151 198.8727
6647.944861569882 196.094
6683.782839260286 193.4484
6720.009304513728 191.039
6756.630608625521 188.9543
6793.653242097441 187.0292
6831.083838472633 185.0573
6868.929178297966 182.8399
6907.196193218846 180.2016
6945.891970211668 177.1643
6985.0237559593415 173.7472
7024.598961375542 169.9426
7064.625166283664 165.7303
7105.1101242566365 160.927
7146.061767624109 154.7804
7187.488212653815 147.7962
7229.397764914186 140.6795
7271.798924825705 134.1795
7314.700393408748 128.8225
7358.111078236099 123.8833
7402.040099598703 119.2594
7446.496796893592 115.0223
7491.490735243402 111.2888
7537.031712357343 108.1303
7583.129765643933 105.2564
7629.795179586356 102.6439
7677.038493391845 100.3551
7724.870508926996 98.45183
7773.302298951617 96.99493
7822.345215664245 95.67287
7872.010899573224 94.47742
7922.311288707877 93.53716
7973.258628185098 92.98277
8024.865480147462 93.006
8077.144734089791 93.44631
8130.10961759202 94.0346
8183.773707477116 94.62473
8238.15094141384 95.05885
8293.255629985171 95.0162
8349.10246924433 94.32865
8405.70655378158 93.25743
8463.083390326163 91.97714
8521.248911909162 90.63113
8580.219492614417 89.01583
8640.011962946222 86.79977
8700.643625844092 84.30363
8762.13227337656 81.72273
8824.496204147921 79.20654
8887.754241453642 76.87029
8951.925752222258 74.74347
9017.030666783874 72.66418
9083.089499507565 70.44603
9150.123370352641 67.91721
9218.154027381284 64.96806
9287.203870283018 60.70092
9357.2959749644 55.49287
9428.454119260707 50.19091
9500.702809829754 45.6368
9574.067310291759 42.59874
9648.573670683134 39.90781
9724.248758296337 37.40771
9801.120289982473 35.46045
9879.21686599827 34.44454
9958.5680054842 34.67998
10039.20418366626 35.27381
10121.15687087986 35.93775
10204.45857352085 36.64437
10289.142877035543 37.37256
10375.244491069314 37.74533
10462.799296901123 37.7694
10551.84439730028 37.81964
10642.418168950928 37.9184
10734.560317599853 38.06256
10828.311936094173 38.22593
10923.715565487073 38.51572
11020.815259402514 38.97633
11119.656651863523 39.57118
11220.287028803465 40.3047
11322.755403495736 42.13932
11427.11259615468 46.11262
11533.411317979377 50.93945
11641.706259932234 55.72693
11752.054186566662 59.46503
11864.514035241942 60.28096
11979.147021089693 57.21181
12096.016748124712 51.91921
12215.189326923968 45.6641
12336.733499331172 39.73545
12460.720770681233 34.96936
12587.225550079014 29.69011
12716.325299310594 24.35544
12848.100691013295 19.89061
12982.635776783069 17.23924
13120.018165955376 17.11828
13260.33921585864 19.06603
13403.694234408464 22.3591
13550.1826959867 26.23789
13699.90847163296 29.96911
13852.980074667967 32.73647
14009.510922969297 34.8868
14169.619619231806 36.91132
14333.43025066801 38.97625
14501.072709740154 41.23066
14672.68303766607 44.34562
14848.403792608178 49.45723
15028.384444639792 55.15373
15212.781799788745 60.03023
15401.760455686745 62.76418
15595.493291607334 62.98398
15794.161995959017 62.95897
15997.957634616556 62.8485
16207.081263827227 62.73936
16421.74459182494 62.71679
16642.170693728633 64.84365
16868.594784799767 78.7684
17101.26505769356 99.56186
17340.443589968992 120.0039
17586.407328833797 133.061
17839.44916090335 132.9418
18099.879075661065 125.9629
18368.025432337523 116.0109
18644.236341094478 105.0416
18928.88117072951 94.89654
19222.35219663229 86.98204
19525.066404453275 79.95415
19837.46746692453 73.30772
20160.027913541184 66.92651
20493.251515417902 60.70047
20837.67591063501 54.70304
21193.87549885099 49.05055
21562.464637961442 43.53675
21944.101180226244 38.06361
22339.49039068077 32.5373
22749.389296931797 26.4763
23174.61152678099 19.00088
23616.03269871968 11.4502
24074.596440442394 5.182257
24551.321122431345 1.425994